1F	NODE_18_length_84619_cov_36.005061	100.000	28	0	0	1	28	19992	20019	1.41e-09	56.0	28
1F	NODE_18_length_84619_cov_36.005061	100.000	28	0	0	1	28	20052	20079	1.41e-09	56.0	28
1F	NODE_18_length_84619_cov_36.005061	100.000	28	0	0	1	28	20112	20139	1.41e-09	56.0	28
1F	NODE_18_length_84619_cov_36.005061	100.000	28	0	0	1	28	20172	20199	1.41e-09	56.0	28
1F	NODE_18_length_84619_cov_36.005061	100.000	28	0	0	1	28	20232	20259	1.41e-09	56.0	28
1F	NODE_18_length_84619_cov_36.005061	100.000	28	0	0	1	28	20292	20319	1.41e-09	56.0	28
1F	NODE_18_length_84619_cov_36.005061	100.000	28	0	0	1	28	20352	20379	1.41e-09	56.0	28
1F	NODE_18_length_84619_cov_36.005061	100.000	28	0	0	1	28	20412	20439	1.41e-09	56.0	28
1F	NODE_18_length_84619_cov_36.005061	100.000	28	0	0	1	28	20472	20499	1.41e-09	56.0	28
1F	NODE_18_length_84619_cov_36.005061	100.000	28	0	0	1	28	20532	20559	1.41e-09	56.0	28
1F	NODE_18_length_84619_cov_36.005061	96.429	28	1	0	1	28	29570	29543	3.43e-07	48.1	28
1F	NODE_18_length_84619_cov_36.005061	96.429	28	1	0	1	28	29630	29603	3.43e-07	48.1	28
1F	NODE_18_length_84619_cov_36.005061	96.429	28	1	0	1	28	29690	29663	3.43e-07	48.1	28
1F	NODE_18_length_84619_cov_36.005061	96.429	28	1	0	1	28	29750	29723	3.43e-07	48.1	28
1F	NODE_18_length_84619_cov_36.005061	96.429	28	1	0	1	28	29810	29783	3.43e-07	48.1	28
1F	NODE_18_length_84619_cov_36.005061	96.429	28	1	0	1	28	29930	29903	3.43e-07	48.1	28
1F	NODE_18_length_84619_cov_36.005061	96.429	28	1	0	1	28	29990	29963	3.43e-07	48.1	28
1F	NODE_18_length_84619_cov_36.005061	96.429	28	1	0	1	28	30050	30023	3.43e-07	48.1	28
1F	NODE_18_length_84619_cov_36.005061	92.857	28	2	0	1	28	29870	29843	8.36e-05	40.1	28
1F	NODE_18_length_84619_cov_36.005061	95.652	23	1	0	6	28	25106	25084	3.30e-04	38.2	28
1F	NODE_18_length_84619_cov_36.005061	95.238	21	1	0	1	21	29511	29491	0.005	34.2	28
1F	NODE_18_length_84619_cov_36.005061	90.000	20	2	0	1	20	20592	20611	5.0	24.3	28
1F	NODE_11_length_209122_cov_37.712513	96.429	28	1	0	1	28	208472	208445	3.43e-07	48.1	28
1F	NODE_11_length_209122_cov_37.712513	96.429	28	1	0	1	28	208532	208505	3.43e-07	48.1	28
1F	NODE_11_length_209122_cov_37.712513	96.429	28	1	0	1	28	208592	208565	3.43e-07	48.1	28
1F	NODE_11_length_209122_cov_37.712513	96.429	28	1	0	1	28	208652	208625	3.43e-07	48.1	28
1F	NODE_11_length_209122_cov_37.712513	96.429	28	1	0	1	28	208713	208686	3.43e-07	48.1	28
1F	NODE_11_length_209122_cov_37.712513	96.429	28	1	0	1	28	208773	208746	3.43e-07	48.1	28
1F	NODE_11_length_209122_cov_37.712513	96.429	28	1	0	1	28	208833	208806	3.43e-07	48.1	28
1F	NODE_11_length_209122_cov_37.712513	96.429	28	1	0	1	28	208893	208866	3.43e-07	48.1	28
1F	NODE_11_length_209122_cov_37.712513	96.429	28	1	0	1	28	208953	208926	3.43e-07	48.1	28
1F	NODE_11_length_209122_cov_37.712513	96.000	25	1	0	4	28	209010	208986	2.12e-05	42.1	28
1F	NODE_11_length_209122_cov_37.712513	100.000	14	0	0	3	16	207994	207981	0.32	28.2	28
1F	NODE_11_length_209122_cov_37.712513	93.750	16	1	0	1	16	208412	208397	5.0	24.3	28
1F	NODE_7_length_338791_cov_33.733306	100.000	14	0	0	8	21	250983	250996	0.32	28.2	28
1F	NODE_7_length_338791_cov_33.733306	100.000	12	0	0	15	26	176693	176682	5.0	24.3	28
